Loading images...
(19, 580, 870, 3)
args.compute_homomat: False
Feature detection...
Feature matching...
Image matching...
Image blending...
[[583  -3]
 [661  -3]
 [643  -3]
 [720   0]
 [706  -1]
 [697   0]
 [612   4]
 [704   9]
 [681   5]
 [643   4]
 [666   3]
 [711   5]
 [684   0]
 [620   4]
 [227   4]
 [686   1]
 [739   0]
 [684   3]]
[[  583    -3]
 [ 1244    -6]
 [ 1887    -9]
 [ 2607    -9]
 [ 3313   -10]
 [ 4010   -10]
 [ 4622    -6]
 [ 5326     3]
 [ 6007     8]
 [ 6650    12]
 [ 7316    15]
 [ 8027    20]
 [ 8711    20]
 [ 9331    24]
 [ 9558    28]
 [10244    29]
 [10983    29]
 [11667    32]]
